"","A01","A02","A03","B05","B06","B07","B08","B09","C10T12","C13T15","C16","C17_18","C19","C20","C21","C22","C23","C24A","C24B","C25","C26","C27","C28","C29","C301","C302T309","C31T33","D","E","F","G","H49","H50","H51","H52","H53","I","J58T60","J61","J62_63","K","L","M","N","O","P","Q","R","S","T","HFCE","NPISH","GGFC","GFCF","INVNT","DPABR","CONS_NONRES","EXPO","..","TOTAL"
"DOM_A01",2330.145,0.343,10.331,0,0,0,0,0,7214.25,107.915,5.434,0.033,0,0.513,31.04,0.029,0.461,0.166,0,0,0.049,0,18.642,0,0,0,0.058,0,0.015,56.038,55.351,0,0,0,0.067,0,940.159,0.302,0,0,0.01,6.21,0.455,11.745,26.676,6.683,0,6.33,4.152,0,7288.474,1.226,0.269,93.82,1.122,0,159.26,384.409,0,18762.185
"DOM_A02",1.597,0.036,0.028,0.006,0,0,0,0,5.144,0.097,10.411,13.13,0.002,0.156,0.021,8.201,0.006,0.008,0.002,0.013,0.055,0.011,0.039,0.004,0.093,0.003,3.108,0.002,0.01,1.089,0.205,0.004,0.001,0.008,0.007,0.002,0.883,0.005,0.001,0.008,0.021,0.036,0.069,0.137,0.079,0.016,0.02,0.013,0.081,0,6.483,0.427,0.072,8.519,0.01,0,0.344,3.781,0,64.504
"DOM_A03",1.166,0.017,34.922,0,0,0,0,0,67.128,0.004,0,0,0,0,0.001,0,0,0,0,0,0,0,0.001,0,0,0,0,0,0,0.002,1.419,0,0,0,0,0,206.257,0,0,0,0,0.073,0,0.111,1.284,0.332,0.224,0.451,0.216,0,1204.744,0.232,0,0.006,3.698,0,13.114,1218.504,0,2753.909
"DOM_B05",0.006,0,0.002,0.254,0.002,0.056,0.331,0.199,0.719,2.087,0,1.402,9.189,14.422,0.019,1.111,24.621,53.963,0.098,0.025,0.814,0.028,0.037,0.002,0,0,0.022,89.107,0.056,13.188,0.023,0,0,0,0,0,0.001,0,0,0,0,0.001,0.001,0.006,0.003,0.003,0.001,0.002,0,0,3.099,0,0.006,0.205,0,0,0,47.031,0,262.143
"DOM_B06",0,0,0,0,0.406,0,0.001,0.001,0.003,0.004,0,0.007,363.29,0.089,0,0.006,0.186,0.102,0.004,0.001,0.008,0,0.001,0,0,0,0.001,168.364,0,0.131,0.002,0.001,0,0.001,0,0,0,0,0,0,0,0.001,0,0,0.001,0,0,0,0,0,0.017,0,0.004,0.157,0,0,0,31.529,0,564.322
"DOM_B07",0,0,0,0,0.003,0,0.002,0.001,0.006,0.007,0,0.012,0.036,0.146,0,0.011,0.299,0.184,0.009,0.003,0.037,0.003,0.003,0.001,0.001,0.001,0.002,0.191,0.001,0.217,0.016,0.001,0,0,0.001,0,0.001,0.002,0.001,0.001,0.003,0.009,0.01,0.002,0.007,0.001,0.002,0,0.002,0,0.024,0,0.008,0.153,0,0,0.005,179.604,0,181.029
"DOM_B08",0.045,0,0.02,0.206,0,0.187,4.005,0.902,6.123,11.594,0,10.336,29.042,281.959,0.119,10.499,494.999,322.991,8.834,0.321,6.372,0.173,0.444,0.012,0,0,0.217,98.57,0.351,321.033,0.162,0,0,0,0,0,0,0,0,0,0,0,0.006,0.038,0.017,0.014,0,0.011,0,0,43.384,0,0.001,0.022,0,0,0,63.862,0,1716.871
"DOM_B09",0.038,0,0.028,0.175,4.703,0.115,0.49,0.909,2.598,0.006,0,9.409,32.312,3.789,0.038,7.508,94.161,7.977,2.448,0.26,2.118,0.055,0.32,0.012,0,0,0.218,186.348,0.122,87.803,0.092,0,0,0,0,0,0,0,0,0,0,0,0.005,0.013,0.021,0.004,0,0.003,0,0,0.005,0,11.63,458.212,0,0,0,14.078,0,928.025
"DOM_C10T12",1858.75,0.248,103.84,0.055,0.069,0.039,0.373,0.213,4522.511,23.577,2.042,27.786,3.643,120.349,36.655,23.616,17.684,19.006,5.462,12.41,109.329,7.221,11.496,3.2,4.033,3.665,75.22,3.255,4.636,22.049,260.6,6.565,1.064,3.663,2.226,0.695,4404.756,5.814,2.649,2.559,3.049,48.766,14.597,3.461,149.445,32.521,42.65,381.465,31.124,0,21053.871,5.65,9.407,71.569,6.966,0,612.434,3736.416,0,37916.414
"DOM_C13T15",31,0.048,12.43,0.119,0.188,0.082,0.802,0.465,86.518,3614.522,2.647,75.691,5.709,232.046,7.979,176.222,25.57,29.431,5.354,49.296,344.444,22.897,44.324,41.325,27.044,18.274,320.83,4.065,4.381,70.993,137.063,6.895,0.479,5.258,2.691,1.574,156.01,6.713,4.789,6.757,5.157,8.393,59.702,6.281,44.672,11.433,14.325,6.41,47.249,0,5556.849,1.095,3.059,140.226,27.796,0,429.275,7227.128,0,19171.977
"DOM_C16",11.023,0.001,0.83,0.177,0.007,0.004,0.043,0.028,4.542,1.376,356.423,45.542,0.262,3.974,0.325,3.181,6.066,1.951,5.319,22.04,14.413,6.634,14.841,5.248,27.48,1.921,207.823,0.786,0.178,747.681,41.285,0.44,0.035,0.112,0.793,0.19,30.641,1.028,0.155,0.436,0.612,1.258,16.355,1.532,2.712,4.966,0.775,1.661,18.541,0,65.682,0.051,0.247,11.282,0.332,0,20.709,198.88,0,1910.833
"DOM_C17_18",16.463,0.276,1.605,0.037,0.315,0.025,0.233,0.14,448.093,77.593,30.154,2483.656,3.581,176.026,47.072,153.438,84.084,30.813,31.711,96.084,595.236,61.768,60.183,29.28,2.66,11.698,186.779,5.31,8.794,110.941,973.354,13.439,0.373,6.914,8.428,10.291,493.908,660.041,77.427,20.69,145.308,43.506,769.105,291.67,459.514,187.875,108.229,58.896,473.621,0,874.794,0.074,1.193,23.629,5.286,0,83.489,2366.241,0,12911.342
"DOM_C19",254.474,1.08,166.224,33.656,3.608,23.514,248.044,118.458,200.596,182.787,25.423,179.364,1198.735,6528.64,29.208,421.312,370.623,1723.242,97.351,338.604,1265.963,176.819,208.819,70.907,26.36,27.995,103.863,201.357,83.298,784.233,1199.181,1715.852,112.914,1938.625,146.038,35.713,144.356,21.218,33.243,6.001,19.259,51.775,103.399,206.573,188.884,53.505,78.658,17.763,102.333,0,2662.42,0.351,1.132,24.13,44.001,0,256.264,16302.165,0,40560.309
"DOM_C20",583.113,0.113,4.328,2.358,3.264,2.315,15.222,9.324,324.526,1319.855,46.48,695.558,139.282,24746.096,270.041,3917.499,383.541,350.026,399.963,795.217,11594.48,400.156,224.262,231.885,100.032,70.583,611.554,22.555,141.26,800.824,456.219,18.226,0.802,6.386,7.651,1.539,293.909,63.77,15.812,7.887,11.504,20.987,423.209,391.688,69.683,126.337,227.817,37.597,183.017,0,2682.587,1.03,12.317,271.143,2.529,0,113.194,31877.284,0,85529.837
"DOM_C21",37.556,0.003,1.794,0.024,0.04,0.019,0.167,0.09,62.404,6.199,0.325,3.403,1.832,82.891,230.553,13.388,3.072,6.992,2.048,6.854,71.021,4.231,5.392,1.812,2.524,2.184,6.288,0.822,0.707,10.875,18.665,1.308,0.203,1.649,0.534,0.097,26.855,0.881,1.367,1.836,2.272,2.356,36.895,2.138,132.581,11.506,996.857,1.597,3.731,0,768.864,0.803,1223.395,166.994,1.141,0,37.859,1076.418,0,5084.311
"DOM_C22",76.81,0.038,2.116,0.259,0.202,0.149,1.357,1.077,570.947,230.689,38.83,255.261,7.035,540.382,95.692,1299.8,69.27,35.783,41.493,329.142,2649.621,429.294,595.649,447.999,14.519,190.673,654.496,4.346,46.023,1304.683,1109.692,83.876,0.509,2.46,4.763,1.011,335.623,18.455,8.37,4.827,4.027,10.205,108.074,60.658,88.86,36.844,26.559,16.083,20.833,0,1173.723,0.148,1.029,97.089,7.209,0,9.4,8403.705,0,21567.67
"DOM_C23",7.172,0.01,1.023,0.115,0.115,0.074,0.742,0.49,93.397,147.347,2.035,52.213,5.744,176.399,32.7,25.81,1559.816,317.448,59.72,82.97,3216.411,148.275,100.182,30.177,46.069,7.135,79.371,7.002,168.612,5426.059,59.126,8.618,0.442,1.251,3.171,2.145,65.287,1.985,2.636,2.892,4.698,11.937,33.434,9.183,135.054,59.371,27.359,2.913,4.101,0,314.282,0.414,3.107,106.451,1.043,0,8.55,2244.55,0,14908.628
"DOM_C24A",0.608,0.003,1.737,0.022,0.591,0.014,0.118,0.118,3.523,4.86,2.177,7.896,7.628,62.477,1.793,115.724,152.329,14154.946,70.976,9596.325,850.058,1016.521,5946.82,1194.337,633.786,689.109,1332.263,10.461,161.244,6923.681,53.563,1.719,0.045,0.334,6.744,0.35,0.407,0.985,0.604,0.995,2.607,10.981,36.638,12.827,30.158,12.466,0.231,0.365,6.441,0,3.602,0.062,1.182,11.949,0,0,0.046,11609.239,0,54746.683
"DOM_C24B",1.163,0.023,0.041,0.028,0.111,0.018,0.153,0.149,13.45,2.017,1.629,28.215,0.582,210.094,2.769,13.743,16.81,951.739,3636.333,580.781,1019.027,653.856,234.977,88.43,7.55,59.988,85.29,0.672,82.444,94.224,35.887,1.276,0.022,0.584,0.906,0.122,1.964,1.511,0.4,1.832,6.165,17.025,13.785,4.586,23.834,2.667,1.23,0.91,2.462,0,12.136,0.258,6.3,139.206,0,0,0.112,6847.351,0,14908.84
"DOM_C25",50.837,0.12,2.31,1.121,1.036,0.607,6.1,4.752,440.243,56.353,30.443,53.81,18.66,266.191,21.457,289.039,122.556,817.895,295.61,3698.669,2498.479,1162.622,2571.138,605.45,427.126,267.813,961.837,10.78,40.606,5514.942,197.715,20.343,4.213,13.837,17.308,2.651,178.866,10.072,9.311,28.851,10.958,39.061,114.776,61.16,545.527,62.606,101.966,12.221,50.632,0,1503.594,0.613,139.236,3298.603,6.562,0,21.075,14939.936,0,41630.298
"DOM_C26",215.774,0.213,33.706,2.59,2.125,1.79,18.175,9.335,588.898,585.767,29.236,215.825,186.129,2559.524,85.867,498.001,277.903,892.413,145.728,730.206,44088.216,1438.575,1124.772,278.254,434.057,306.667,692.258,116.162,157.965,1628.753,1615.882,139.343,10.31,160.831,41.57,16.938,492.84,135.172,199.521,762.182,181.627,205.01,694.017,174.136,317.79,210.183,476.63,87.117,118.199,0,18498.196,4.463,124.333,22950.795,0,0,320.192,223722.515,0,329004.675
"DOM_C27",7.647,0.05,3.581,0.237,0.463,0.12,1.217,0.988,20.082,15.111,1.595,11.291,7.165,72.097,4.513,28.62,19.327,49.422,8.806,70.213,1145.695,3156.762,704.235,119.253,134.539,49.107,193.698,9.702,12.055,1530.144,115.141,12.936,1.69,10.292,8.205,1.004,25.171,9.263,53.09,33.481,9.116,86.204,90.666,40.47,81.255,80.859,49.055,6.789,17.579,0,2943.96,0.379,58.435,2385.542,0,0,44.9,14372.526,0,27915.743
"DOM_C28",21.348,0.033,2.846,1.462,2.588,0.901,8.602,7.501,38.758,14.838,3.579,17.871,13.57,71.927,3.029,37.91,70.245,79.88,11.342,133.351,896.768,229.375,1897.793,112.491,81.153,44.067,504.277,7.736,37.839,566.022,96.254,9.564,0.671,4.74,7.664,1.942,27.192,5.893,9.537,10.937,7.845,92.964,32.466,28.239,50.617,26.626,20.849,5.564,18.166,0,249.53,0.461,8.413,9895.826,18.079,0,9.9,25132.508,0,40691.548
"DOM_C29",1.783,0.013,0.316,0.058,0.099,0.048,0.411,0.278,7.435,5.439,0.81,3.299,1.854,17.306,0.742,13.085,5.284,10.43,2.697,21.046,98.669,21.635,39.242,2543.124,6.4,60.317,11.083,1.092,1.895,43.79,409.905,57.272,0.322,2.434,3.097,0.743,18.044,1.715,2.135,3.753,4.327,7.79,11.717,24.871,18.893,3.409,7.49,3.388,4.627,0,3207.386,0.392,63.127,2577.896,4.155,0,52.321,7975.752,0,17386.642
"DOM_C301",0.071,0.034,406.636,0.001,0.034,0.001,0.005,0.006,0.527,0.304,0.205,1.772,2.302,9.413,0.005,1.775,0.563,29.657,2.585,3.149,130.549,0.817,2.622,3.273,7584.464,4718.347,662.781,4.368,3.709,3.463,0.451,172.624,0.485,19.4,77.106,0.135,0.029,0.123,0.002,0.003,0.007,0.159,0.091,1.278,28.235,0.037,0.687,1.206,0.055,0,0.04,0.015,0.331,3666.648,9.513,0,0.003,386.725,0,17938.827
"DOM_C302T309",0.775,0.083,1.552,0.011,0.069,0.008,0.07,0.051,1.047,0.67,0.253,2.226,1.311,12.137,0.126,3.936,1.464,34.374,3.222,4.543,172.431,2.783,6.189,47.012,576.32,1310.674,419.528,5.498,4.886,15.893,95.311,14.13,0.584,72.875,1.955,0.185,0.528,0.896,0.207,0.901,4.6,9.997,32.842,4.447,109.16,1.788,23.582,1.861,7.283,0,1928.773,0.24,71.519,2160.522,2.294,0,0.03,8908.544,0,16084.193
"DOM_C31T33",10.938,1.377,51.314,0.303,1.442,0.199,1.568,1.707,69.476,121.42,37.685,90.651,32.261,354.841,31.492,99.959,38.575,786.376,96.34,160.85,4015.214,78.14,146.701,107.72,38.601,45.919,2407.946,112.686,173.593,516.022,290.079,255.034,12.461,471.646,68.078,18.263,93.462,23.546,37.777,37.328,98.736,55.72,233.931,147.751,299.603,243.044,1871.221,137.165,214.291,0,5214.645,0.737,260.863,4061.551,15.18,0,364.637,4820.912,0,28978.975
"DOM_D",115.875,0.567,35.849,0.978,5.667,0.643,5.831,3.155,504.632,379.925,30.073,574.853,284.489,2990.977,70.069,542.219,585.649,1365.518,312.014,534.665,7116.584,199.881,336.298,194.408,37.303,50.566,226.867,377.325,286.567,315.453,1933.732,167.905,1.266,16.629,58.749,11.151,700.256,40.88,295.357,44.789,152.957,256.597,138.241,48.363,303.007,452.982,460.921,124.716,362.105,0,2994.726,2.912,131.699,465.23,0.056,0,3.405,49.761,0,26703.294
"DOM_E",40.438,0.035,3.196,0.178,0.314,0.104,0.931,0.634,108.596,34.312,3.862,525.666,32.352,248.234,7.996,38.14,63.648,1616.343,585.412,52.476,425.865,16.809,25.307,16.47,3.028,15.042,26.654,8.765,2084.904,38.7,113.773,75.188,0.274,0.833,6.723,1.007,61.112,5.382,8.623,3.601,7.731,38.102,124.736,20.479,1441.822,323.269,182.211,7.724,18.544,0,595.753,3.537,116.376,216.96,0,0,0.868,28.798,0,9427.836
"DOM_F",148.838,0.896,34.435,1.81,2.814,0.917,9.793,7.074,232.393,118.642,16.346,88.778,42.092,432.771,42.939,137.773,206.018,692.613,123.71,447.618,3129.056,573.678,364.942,114.733,179.702,59.335,329.273,110.058,376.919,1207.205,2469.366,317.355,2.577,20.809,166.77,18.382,254.364,148.913,480.275,51.992,132.422,7225.901,516.433,173.835,1482.368,551.106,337.191,85.944,280.474,0,219.273,2.985,3.373,52478.277,0.275,0,1.944,1109.469,0,77765.243
"DOM_G",1237.332,0.799,140.369,10.794,4.749,7.521,75.992,39.971,3250.115,1721.287,105.148,729.907,601.825,7250.996,246.811,1363.245,885.221,3419.812,523.394,2674.096,16979.402,1629.142,2518,929.374,968.08,863.45,2018.238,335.208,183.975,4729.987,3711.599,610.032,36.604,515.977,140.986,48.064,2373.796,344.688,344.897,417.098,251.474,376.963,797.435,396.492,638.818,338.468,1461.898,294.227,458.27,0,24840.443,57.505,974.962,14134.777,0.83,0,996.06,51871.887,0,161878.49
"DOM_H49",50.263,0.533,9.9,7.356,8.15,4.606,44.853,30.726,159.803,63.396,12.741,46.477,162.001,350.652,15.681,66.258,284.908,403.087,46.851,289.795,1002.197,153.043,320.157,79.261,41.438,54.998,175.905,127.466,117.533,889.497,641.532,110.876,47.685,43.284,250.949,228.445,154.22,36.001,14.918,58.585,129.118,86.856,215.92,117.688,127.974,147.863,300.404,22.312,96.093,0,2172.285,1.086,295.97,813.382,0,0,199.321,3493.616,0,14825.915
"DOM_H50",11.674,0.023,118.007,0.148,22.279,0.094,71.126,0.491,66.834,14.488,2.991,10.632,574.007,117.448,2.611,84.53,34.479,95.418,9.823,437.181,258.497,319.608,50.222,15.523,9.259,15.118,481.412,31.696,2.838,107.535,78.25,616.438,5711.126,31.268,1041.758,13.039,23.174,3.729,5.703,4.842,2.808,2.741,10.929,207.473,200.563,88.116,18.998,2.41,174.143,0,286.956,0.114,7.122,245.49,0,0,305.681,5657.898,0,17706.765
"DOM_H51",8.982,0.005,0.884,0.111,0.636,0.071,0.698,0.457,33.07,11.585,1.979,11.293,27.022,56.509,3.321,11.094,12.252,17.274,5.579,19.01,209.313,25.379,85.167,8.249,3.412,5.228,29.997,15.669,2.009,66.71,71.772,5.739,0.448,12.374,2.074,513.423,25.808,9.33,1.969,4.455,6.214,2.922,30.141,27.844,61.513,56.245,29.358,5.089,80.366,0,906.519,0.057,26.524,0.327,0,0,1093.084,6084.516,0,9731.074
"DOM_H52",6.191,0.103,7.965,0.154,0.444,0.098,0.94,0.581,75.953,39.355,9.653,22.414,17.743,133.156,7.331,56.121,60.003,101.857,13.479,126.477,513.898,72.371,118.574,37.929,8.956,16.865,120.169,12.484,3.581,102.324,829.469,73.913,144.702,342.351,160.183,9.731,84.09,11.184,22.951,14.149,14.709,19.764,19.485,8.883,55.093,6.297,22.493,7.294,6.966,0,573.95,1.505,125.09,273.388,0,0,24.687,4971.389,0,9510.887
"DOM_H53",0.345,0.031,2.574,0.084,0.001,0.072,0.415,0.469,18.33,12.942,2.653,11.967,0.533,12.293,4.589,11.543,6.127,12.207,3.395,20.199,161.098,16.745,32.436,4.988,1.058,2.462,15.355,5.564,8.486,54.174,426.971,11.998,0.444,5.28,34.016,101.284,647.815,16.286,39.256,10.337,100.561,35.375,70.819,29.418,189.787,30.971,30.792,12.602,41.424,0,844.131,0.006,0.031,1.375,0.63,0,24.899,74.021,0,3203.663
"DOM_I",17.851,0.635,3.205,0.709,2.156,0.671,3.23,6.495,110.891,110.057,9.23,24.336,4.813,126.591,19.367,113.308,43.169,48.427,28.07,132.659,832.207,143.065,190.805,25.741,7.955,23.487,136.752,1.561,49.931,250.101,2087.013,33.282,1.79,64.907,32.548,2.172,143.663,94.367,43.965,67.174,152.994,234.698,565.118,75.066,437.563,193.242,172.736,76.469,2277.579,0,26014.502,63.484,301.116,32.162,0.03,0,1126.802,164.497,0,36926.414
"DOM_J58T60",0.348,0.387,0.226,0.185,0.391,0.126,1.165,0.78,58.561,12.795,2.88,10.056,0.936,34.713,12.262,15.944,9.738,9.493,4.111,17.255,352.876,20.658,27.682,12.461,2.976,11.124,24.508,1.729,5.693,76.425,331.769,17.806,0.142,6.349,8.844,5.435,37.294,1163.375,265.127,97.558,46.332,90.658,721.186,113.709,169.629,173.916,34.655,113.74,299.957,0,1375.111,11.365,210.605,1088.029,1.43,0,57.216,1739.569,0,8909.29
"DOM_J61",5.047,0.242,2.32,0.16,0.295,0.119,0.994,0.783,60.326,30.585,4.455,51.047,1.304,58.407,9.091,35.477,24.141,20.483,6.533,54.635,422.177,43.855,99.874,15.182,5.66,10.937,49.642,2.032,16.081,215.753,829.451,42.738,0.701,23.03,24.945,10.692,179.329,89.421,1330.653,604.677,228.181,150.911,297.342,114.88,381.76,117.007,216.898,45.179,298.617,0,4831.19,1.211,1.904,262.155,2.96,0,415.569,1029.13,0,12778.168
"DOM_J62_63",2.823,0.262,1.398,0.257,0.919,0.178,1.69,1.094,116.186,37.483,6.951,37.988,6.919,109.307,18.583,60.86,32.513,40.844,7.636,41.004,1044.054,83.539,65.27,44.181,12.788,19.735,94.887,3.504,21.852,177.352,1742.29,31.568,3.637,105.133,25.566,14.488,290.518,147.674,226.013,1892.495,473.768,473.566,469.528,160.71,542.791,114.54,167.167,46.422,110.075,0,863.108,2.005,13.525,5070.475,1.01,0,40.179,3367.261,0,18487.568
"DOM_K",123.063,0.329,27.749,2.554,7.173,1.528,14.516,12.323,571.363,334.062,56.535,313.401,100.366,833.231,114.521,384.356,308.43,737.711,286.62,683.699,6188.427,530.481,800.898,337.904,70.042,139.048,414.435,102.042,163.282,1118.214,4832.157,269.964,29.884,203.035,134.559,45.85,662.924,117.969,180.536,375.312,14868.45,4844.194,625.449,522.754,1944.678,194.027,346.434,155.851,190.49,0,17425.057,17.099,411.632,253.495,15.569,0,401.122,4377.674,0,68224.467
"DOM_L",15.581,0.221,3.261,0.107,0.29,0.123,0.924,0.808,158.721,91.436,10.787,102.479,4.39,127.827,17.081,59.536,54.449,50.016,14.934,183.112,1026.729,192.765,189.817,35.892,9.852,22.316,134.655,3.095,20.787,462.762,4228.334,128.701,4.872,35.267,116.429,23.987,1971.957,160.83,74.342,241.072,522.68,902.588,540.03,200.67,77.576,68.474,406.85,314.613,279.474,0,53492.183,59.259,13.216,8221.112,0.02,0,1110.488,258.434,0,76448.215
"DOM_M",45.977,2.13,0.615,2.578,6.001,1.997,16.11,13.997,460.363,94.159,13.773,85.538,18.349,270.452,108.595,170.207,98.246,70.932,37.555,115.545,2812.383,189.868,197.806,122.412,38.616,88.593,159.684,23.54,53.694,2446.957,2688.429,58.132,0.661,23.841,38.305,42.654,227.255,300.004,221.857,202.113,550.144,1529.4,1063.5,258.005,1831.078,84.338,164.117,72.935,296.853,0,434.97,28.822,347.563,5889.476,17.781,0,91.16,6135.211,0,30365.276
"DOM_N",9.304,7.898,9.288,1.071,9.829,0.616,4.774,6.008,218.219,108.768,8.138,86.253,25.162,365.224,23.637,101.176,203.373,276.749,70.333,328.734,2931.083,205.173,269.403,159.437,41.961,82.775,203.525,26.141,96.375,458.586,2039.999,304.423,29.531,178.84,180.191,67.171,300.271,78.518,175.732,116.572,336.247,341.967,326.601,500.6,1092.688,369.85,248.857,92.18,60.556,0,1895.556,7.275,223.223,134.248,0.12,0,234.597,2311.57,0,17986.397
"DOM_O",75.429,0.91,0.118,0.376,0,0.13,1.706,1.35,149.484,29.883,11.151,29.846,4.744,54.86,15.776,37.351,29.218,28.214,12.494,85.041,348.26,47.34,124.377,39.089,4.267,8.274,46.729,16.348,39.356,228.635,715.755,103.332,1.181,4.166,20.109,0.89,32.183,26.67,45.559,16.878,119.501,233.73,58.456,45.147,211.062,61.937,52.376,49.512,5.176,0,1901.793,25.054,55001.163,0.885,0.01,0,1.505,3.63,0,60208.417
"DOM_P",15.761,0.083,0.819,0.011,0.147,0.008,0.078,0.048,24.065,9.963,3.02,7.737,1.062,25.066,5.376,6.816,10.38,35.532,15.151,50.871,248.66,208.043,19.286,8.187,5.912,5.23,32.502,2.973,32.031,99.898,127.468,6.851,0.971,19.001,5.065,1.927,16.826,33.492,92.752,95.631,69.217,41.01,245.641,24.405,757.242,91.088,59.975,6.096,23.147,0,9056.858,691.427,17610.941,306.188,0,0,478.782,179.628,0,30916.346
"DOM_Q",70.733,1.231,5.013,0.282,0.089,0.198,2.018,1.031,131.545,74.796,5.021,26.023,10.363,210.389,91.33,38.107,22.789,98.318,16.679,93.089,572.919,77.718,89.262,23.203,19.529,19.939,76.896,2.557,12.257,148.346,56.54,52.851,0.871,17.788,24.078,1.232,84.81,12.61,2.561,9.26,7.322,5.203,334.656,15.186,1021.329,17.618,96.225,13.371,39.243,0,7614.883,1154.279,21392.322,465.587,0,0,349.419,1530.676,0,36261.591
"DOM_R",0,0.028,0,0,0,0,0,0,5.281,2.328,0.202,2.225,0.025,2.316,0.162,1.653,0.822,1.505,1.086,4.736,15.979,2.783,6.059,1.07,0.566,1.062,18.581,0.053,0.677,9.965,178.597,1.23,0.018,0.163,1.387,0.029,2.256,137.839,0.018,0.901,10.029,50.285,154.049,8.409,179.259,7.502,1.453,162.508,359.211,0,3768.951,609.828,1280.234,126.592,0,0,650.21,748.15,0,8518.273
"DOM_S",0.466,0.017,2.066,0.343,0.954,0.236,2.191,1.509,32.524,17.671,2.952,10.212,0.704,35.82,8.524,31.036,22.918,55.486,12.403,85.094,702.079,22.514,21.467,14.118,2.872,5.888,163.573,3.359,16.078,27.638,191.708,4.544,0.513,11.612,18.1,2.328,52.991,22.192,118.581,23.21,528.251,226.529,216.852,28.346,457.672,53.902,423.209,20.316,1345.781,0,17425.145,2708.432,0.063,1.471,0,0,403.636,0.324,0,25588.418
"DOM_T",0,0,0,0,0,0,0,0,0,0,0,0,0,0,0,0,0,0,0,0,0,0,0,0,0,0,0,0,0,0,0,0,0,0,0,0,0,0,0,0,0,0,0,0,0,0,0,0,0,0,4188.055,0,0,0,0,0,0,0,0,4188.055
"IMP_A01",597.421,0.096,3.111,0.004,0.009,0.002,0.017,0.011,1863.49,30.23,3.736,3.041,0.341,4.518,8.166,2.57,0.491,0.598,0.148,0.353,4.376,0.303,5.225,0.4,0.096,0.079,1.409,0.432,0.079,15.904,15.974,0.169,0.093,0.37,0.157,0.039,247.787,0.157,0.142,0.11,0.131,1.842,0.467,3.223,7.491,1.835,0.349,1.88,1.171,0,1948.066,0.425,0.399,28.825,0.017,199.888,0,0,0,5007.662
"IMP_A02",2.385,0.147,0.013,0.025,0.001,0,0.002,0.002,8.004,0.192,43.948,54.84,0.035,0.771,0.033,34.278,0.048,0.064,0.021,0.061,0.329,0.051,0.105,0.027,0.438,0.01,13.219,0.04,0.007,5.603,0.214,0.015,0.006,0.023,0.015,0.009,1.509,0.01,0.013,0.012,0.012,0.019,0.058,0.521,0.161,0.025,0.033,0.012,0.044,0,7.572,1.77,0.034,35.451,0.01,1.54,0,0,0,213.787
"IMP_A03",2.42,0.003,6.116,0.001,0.003,0,0.004,0.002,15.805,0.043,0.018,0.055,0.057,0.187,0.041,0.047,0.053,0.067,0.018,0.041,0.568,0.041,0.038,0.025,0.059,0.041,0.12,0.056,0.013,0.119,0.663,0.041,0.064,0.068,0.036,0.012,38.777,0.013,0.036,0.014,0.019,0.048,0.053,0.045,0.401,0.093,0.094,0.176,0.049,0,230.528,0.048,0.028,0.191,0.001,11.929,0,0,0,309.49
"IMP_B05",0.36,0,0.119,12.535,0.004,3.168,18.642,11.228,40.685,118.424,0.013,79.425,454.701,817.733,1.073,63.062,1390.485,3077.924,5.476,1.444,46.816,1.61,2.136,0.12,0.016,0.012,1.306,4407.59,3.074,744.101,1.348,0.057,0.01,0.087,0.021,0.009,0.048,0.007,0.013,0.013,0.008,0.01,0.075,0.363,0.169,0.134,0.03,0.1,0.008,0,207.93,0,0.034,0.467,0.007,0.437,0,0,0,11514.668
"IMP_B06",4.093,0.02,3.021,15.309,37.001,10.543,98.284,66.822,66.913,15.015,0.423,7.943,31186.594,491.945,5.324,130.363,46.053,136.734,57.909,5.604,14.021,10.438,4.84,1.119,0.462,0.52,2.227,14436.722,15.119,16.116,21.733,31.093,2.357,35.229,2.986,0.681,2.098,0.345,0.468,0.126,0.277,0.842,1.709,5.081,3.64,1.057,0.935,0.643,1.363,0,47.299,0.009,0.391,15.957,0.018,7.699,0,0,0,47071.531
"IMP_B07",0.151,0,0.039,1.068,0.007,1.932,5.182,5.593,4.919,11.379,0.026,15.177,40.295,313.162,0.356,8.948,159.943,4361.74,156.074,8.176,25.078,6.63,4.163,1.08,0.192,0.678,1.388,191.47,1.683,263.532,0.767,0.062,0.016,0.09,0.032,0.014,0.044,0.018,0.02,0.041,0.033,0.059,0.17,0.156,0.142,0.063,0.044,0.033,0.031,0,1.458,0.001,0.037,0.755,0,1.113,0,0,0,5595.259
"IMP_B08",0.436,0,0.033,0.085,0.017,0.075,1.526,0.362,2.63,5.098,0.04,4.327,11.851,120.833,0.251,6.308,186.713,122.478,3.64,0.726,11.548,0.491,0.632,0.184,0.115,0.076,0.596,38.321,0.233,124.415,0.615,0.209,0.117,0.23,0.063,0.023,0.223,0.054,0.031,0.029,0.023,0.033,0.318,0.29,0.135,0.111,0.297,0.023,0.122,0,19.073,0.001,0.236,2.792,0.005,1.358,0,0,0,670.451
"IMP_B09",0.07,0,0.031,0.106,2.386,0.069,0.351,0.525,1.537,0.121,0.016,4.784,46.503,3.02,0.043,4.001,47.634,5.396,1.413,0.429,2.734,0.186,0.433,0.101,0.043,0.059,0.322,108.426,0.11,44.794,0.818,0.16,0.104,0.392,0.126,0.018,0.127,0.028,0.064,0.048,0.036,0.079,0.116,0.055,0.278,0.034,0.086,0.019,0.024,0,1.051,0.001,5.892,230.355,0,0.673,0,0,0,516.227
"IMP_C10T12",623.184,0.051,33.757,0.031,0.03,0.02,0.188,0.099,1288.391,8.302,0.726,9.137,3.254,53.387,11.528,9.551,7.272,9.641,1.853,2.884,37.949,1.866,4.414,1.166,0.571,0.634,26.563,5.099,0.611,7.827,72.038,1.919,0.256,2.578,0.404,0.074,1139.862,1.42,0.466,0.323,0.354,9.334,3.625,1.189,34.557,7.28,11.641,68.253,4.524,0,6281.773,1.938,4.577,21.694,0.094,702.912,0,0,0,10523.073
"IMP_C13T15",4.334,0.022,6.374,0.032,0.073,0.022,0.194,0.128,16.721,2141.685,3.184,35.9,1.363,104.183,5.927,106.379,9.818,6.547,1.199,37.286,139.741,8.576,36.425,58.607,10.427,7.035,219.589,2.143,1.083,16.862,104.131,2.161,0.096,3.416,0.777,0.544,69.998,7.616,0.263,0.168,0.723,0.342,43.538,1.242,41.819,5.402,3.996,2.396,33.911,0,3426.219,0.46,0.68,11.737,0.138,241.357,0,0,0,6984.986
"IMP_C16",6.625,0.002,0.565,0.121,0.006,0.003,0.023,0.015,1.302,1.476,241.216,31.866,0.533,6.245,0.389,3.4,4.287,1.834,3.737,14.048,13.968,4.443,9.783,3.722,18.741,1.352,144.022,1.221,0.212,510.714,26.095,0.444,0.045,0.438,0.45,0.039,18.268,0.656,0.132,0.127,0.16,0.331,11.158,1.114,2.063,3.55,2.851,1.026,12.647,0,44.569,0.021,0.874,8.368,0.021,27.279,0,0,0,1188.597
"IMP_C17_18",3.914,0.011,0.274,0.009,0.02,0.005,0.044,0.028,147.524,24.859,10.176,788.471,1.003,59.027,15.399,49.413,26.713,4.806,4.285,27.808,146.549,16.529,15.904,9.903,0.525,3.246,51.734,1.617,0.563,30.097,229.317,2.206,0.141,1.236,1.276,0.453,168.887,54.733,4.459,6.842,4.579,2.814,51.05,67.405,28.487,9.403,15.347,10.537,17.97,0,316.579,0.015,1.855,12.499,0.033,92.77,0,0,0,2541.354
"IMP_C19",123.931,0.569,89.603,18.397,1.816,12.835,135.425,64.735,89.499,63.607,12.129,66.082,707.588,2902.691,8.433,131.494,178.675,903.834,35.97,153.689,229.8,83.665,108.55,28.628,11.452,12.639,40.23,131.517,34.172,408.72,587.32,930.216,60.107,1034.866,77.353,18.635,52.855,9.089,8.746,1.673,5.895,22.264,43.784,103.298,94.02,12.679,25.591,5.308,40.822,0,1356.829,0.168,2.515,52.889,0.179,156.148,0,0,0,11493.625
"IMP_C20",281.817,0.043,1.66,1.289,1.488,1.226,8.449,5.03,112.638,552.869,21.963,324.699,67.883,11960.822,157.725,1901.909,172.219,145.845,190.682,374.494,5508.267,189.506,99.711,106.373,46.19,30.969,281.681,5.264,55.21,369.834,165.05,12.875,0.908,12.916,2.57,0.384,73.882,29.337,0.785,1.761,0.759,2.31,204.848,190.167,38.206,51.461,235.207,7.187,78.89,0,1191.054,0.353,199.955,69.821,0.207,66.399,0,0,0,25615.046
"IMP_C21",39.652,0.003,1.481,0.022,0.035,0.014,0.111,0.07,57.223,4.242,0.252,2.533,2.911,75.508,377.298,11.976,2.284,4.603,1.733,3.279,59.039,2.612,5.043,1.275,0.801,0.942,5.382,3.104,0.638,5.978,10.207,0.749,0.137,1.363,0.236,0.036,1.925,0.537,0.598,0.715,0.413,0.493,63.371,1.569,230.965,19.815,1838.404,0.613,2.542,0,1247.325,0.963,2624.85,49.418,0.109,42.395,0,0,0,6809.788
"IMP_C22",29.212,0.014,0.749,0.096,0.053,0.051,0.474,0.398,229.297,68.582,16.05,90.407,2.166,127.272,38.765,511.275,25.754,9.367,14.605,122.984,1043.309,175.774,244.026,183.158,4.785,78.278,266.349,1.986,16.477,528.33,438.875,33.765,0.076,1.169,1.395,0.238,129.475,5.931,2.181,0.613,0.301,1.033,40.616,22.272,33.56,13.118,13.238,5.761,6.054,0,472.321,0.016,4.946,51.022,0.143,7.938,0,0,0,5116.101
"IMP_C23",1.087,0.001,0.105,0.021,0.013,0.014,0.144,0.08,23.764,17.684,0.635,2.513,1.655,52.929,9.353,6.671,440.934,57.155,5.022,21.4,918.184,43.552,27.556,8.351,12.677,1.442,20.407,3.27,5.634,1551.848,8.516,0.6,0.13,0.822,0.207,0.05,13.804,0.244,0.271,0.227,0.183,0.738,5.982,1.92,5.737,9.111,3.913,0.32,0.353,0,76.313,0.006,1.357,15.806,0.041,5.424,0,0,0,3386.177
"IMP_C24A",1.023,0.007,0.984,0.123,0.138,0.087,0.898,0.435,1.506,1.814,0.593,2.532,5.929,40.484,0.498,26.536,33.617,3009.254,28.606,2032.551,197.445,218.129,1262.046,253.329,134.383,146.397,281.952,3.388,34.617,1459.849,13.881,7.009,0.49,8.358,2.038,0.202,0.538,0.152,0.323,0.068,0.109,0.226,7.068,3.325,4.93,2.744,0.431,0.139,1.393,0,10.543,0.002,0.056,8.305,0.019,0.735,0,0,0,9252.235
"IMP_C24B",0.577,0.001,0.067,0.008,0.013,0.006,0.051,0.037,14.552,1.912,1.883,31.343,0.459,236.695,2.901,14.368,16.421,999.015,4089.894,611.002,1121.262,733.056,238.638,93.741,5.759,64.266,91.472,0.149,90.299,51.008,13.081,0.158,0.015,0.094,0.095,0.036,0.77,0.16,0.114,0.103,0.119,0.087,5.88,0.618,2.699,0.668,2.702,0.163,0.576,0,14.588,0.002,0.299,18.873,0.049,1.536,0,0,0,8574.341
"IMP_C25",10.602,0.028,0.272,0.239,0.255,0.122,1.186,1.016,92.939,11.242,7.294,10.538,4.918,50.658,4.625,61.63,27.047,160.647,72.104,783.698,570.676,262.582,581.977,123.452,93.079,57.686,214.991,7.812,5.929,1199.635,23.464,3.009,0.867,4.226,3.077,0.153,31.909,1.52,0.96,4.206,0.355,3.2,22.93,12.537,116.46,12.338,19.675,1.669,9.686,0,316.493,0.015,2.823,867.641,2.254,9.693,0,0,0,5890.043
"IMP_C26",1.883,0.02,0.361,0.051,0.46,0.031,0.276,0.222,5.783,4.866,0.598,3.927,4.523,116.928,13.779,16.629,6.478,18.696,5.87,18.946,28677.907,604.17,346.345,43.94,78.279,14.787,140.494,5.253,32.902,225.353,124.339,4.672,0.341,10.175,2.893,0.475,9.528,20.921,36.999,183.126,16.548,15.206,286.051,29.69,34.086,80.292,141.506,16.178,5.291,0,10377.547,1.356,9.015,14228.834,36.864,47.777,0,0,0,56109.466
"IMP_C27",2.407,0.027,1.942,0.2,0.176,0.09,0.889,0.848,3.14,3.179,0.791,2.863,3.365,18.185,2.811,18.325,7.409,28.041,13.757,50.778,1112.481,3316.991,765.705,119.701,140.154,47.795,184.305,8.23,5.925,1634.525,32.146,4.266,0.163,3.972,3.918,0.204,1.624,5.89,43.529,27.084,1.523,13.571,81.924,36.892,50.235,73.838,24.309,2.525,9.359,0,3245.609,0.016,62.439,1999.151,5.288,25.263,0,0,0,13249.772
"IMP_C28",28.991,0.046,3.69,3.194,5.711,1.967,18.681,16.627,32.017,15.265,6.173,29.493,22.185,115.588,3.199,56.763,143.838,138.225,15.517,208.203,1823.103,453.995,4027.606,144.621,168.075,85.25,1124.29,9.969,74.417,1132.606,44.657,6.493,0.598,12.119,8.22,0.954,5.352,5.568,1.489,3.606,3.801,2.393,43.428,51.74,47.723,36.718,12.124,5.09,26.354,0,157.598,0.3,8.833,23108.53,60.038,9.818,0,0,0,33572.848
"IMP_C29",0.566,0.009,0.124,0.025,0.066,0.014,0.131,0.109,1.633,4.631,0.403,0.853,1.324,4.928,0.392,9.366,1.878,5.735,4.52,6.803,97.448,37.683,42.363,2020.117,5.362,56.027,11.391,1.828,1.011,26.653,334.556,41.772,0.105,1.881,1.351,0.142,1.465,0.345,0.793,1.243,0.615,1.186,7.074,18.192,6.607,2.702,2.41,0.437,0.649,0,3452.347,0.03,69.843,2843.795,7.464,44.531,0,0,0,9184.929
"IMP_C301",0.084,0.002,16.094,0.003,0.006,0.002,0.015,0.013,0.63,0.095,0.057,0.177,0.144,0.899,0.031,0.505,0.257,2.501,0.54,4.921,11.572,1.858,5.132,1.516,301.356,189.33,28.48,0.278,0.265,7.858,0.447,6.985,0.057,1.152,3.101,0.01,0.218,0.023,0.023,0.035,0.009,0.035,0.176,0.169,1.908,0.096,0.161,0.079,0.072,0,3.078,0,0.036,161.989,0.419,0.099,0,0,0,754.999
"IMP_C302T309",0.106,0.031,0.851,0.003,0.005,0.002,0.016,0.013,0.394,0.233,0.042,0.143,0.173,1.46,0.06,0.984,0.286,1.443,0.544,2.162,12.615,2.317,4.991,32.643,419.833,933.961,294.384,0.262,0.108,5.622,61.588,3.788,0.308,36.636,0.41,0.038,0.298,0.093,0.114,0.57,0.139,0.175,20.856,0.671,69.541,1.133,16.467,0.107,4.36,0,1439.223,0.008,49.52,1509.609,3.956,0.653,0,0,0,4935.947
"IMP_C31T33",4.401,0.356,16.506,0.104,0.477,0.07,0.572,0.579,22.259,40.911,6.542,30.054,12.473,136.365,12.391,36.297,12.348,283.733,41.251,55.353,1502.922,38.726,79.34,40.233,16.96,21.34,734.544,41.528,58.377,165.615,68.471,85.061,4.508,169.17,20.722,4.662,26.365,6.758,10.66,11.007,25.984,11.552,71.869,41.256,86.99,72.249,596.679,42.799,65.993,0,1837.022,0.174,62.658,1593.617,3.856,208.762,0,0,0,8541.474
"IMP_D",0.518,0.002,0.193,0.068,0.044,0.038,0.351,0.195,0.942,0.658,0.143,0.645,18.245,10.233,0.615,1.097,3.369,8.473,0.414,0.974,10.624,3.558,2.46,0.596,0.344,0.271,1.408,16.161,0.297,6.445,3.303,1.968,0.187,2.485,0.348,0.128,0.519,0.284,0.281,0.477,0.376,0.892,1.266,0.519,1.764,0.294,2.985,0.117,0.331,0,11.126,0.019,3.886,13.242,0.025,11.582,0,0,0,147.789
"IMP_E",0.524,0,0.033,0.004,0.007,0.003,0.022,0.015,0.874,0.472,0.065,0.271,1.003,6.424,0.153,1.075,0.419,0.94,0.359,0.679,5.458,0.847,1.169,0.292,0.153,0.146,0.616,0.658,0.087,2.164,1.022,0.124,0.039,0.205,0.064,0.018,0.704,0.079,0.104,0.194,0.106,0.266,0.416,0.188,0.537,0.098,0.445,0.053,0.108,0,5.64,0.006,0.471,5.587,0.012,3.941,0,0,0,45.359
"IMP_F",0.632,0.007,0.155,0.042,0.05,0.019,0.151,0.099,2.065,1.263,0.668,1.064,5.398,8.038,0.416,1.825,5.514,14.988,1.757,2.37,34.758,2.457,4.473,1.996,0.54,0.571,4.415,11.648,0.829,14.297,7.176,1.867,0.45,4.133,0.753,0.179,1.598,0.479,0.826,2.231,1.016,1.762,2.134,0.796,4.035,0.507,1.99,0.383,0.538,0,14.475,0.049,2.036,26.425,0.045,50.49,0,0,0,248.88
"IMP_G",405.015,0.218,33.578,5.173,3.054,3.157,30.167,17.195,948.897,550.644,52.48,255.055,641.011,3269.009,189.797,581.729,328.507,1069.009,312.713,612.648,6956.363,740.576,1431.327,428.199,194.392,225.804,757.392,612.962,63.845,1460.506,931.868,172.39,20.072,195.531,35.547,6.54,492.254,126.84,105.678,62.632,26.885,39.116,258.07,124.258,211.849,103.659,854.701,53.149,83.698,0,7139.156,2.296,939.04,8860.408,22.629,1187.628,0,0,0,44236.315
"IMP_H49",31.5,0.173,4.324,2.724,2.785,1.645,15.562,10.566,86.638,37.035,11.041,28.427,239.502,234.423,10.195,43.772,115.648,248.784,32.852,101.8,557.977,107.615,162.079,41.921,23.416,34.361,95.122,205.77,38.395,363.432,209.719,40.648,16.955,26.084,77.582,67.483,57.755,17.096,6.8,18.056,37.996,23.401,74.847,40.262,46.747,48.889,117.494,7.622,32.443,0,968.174,0.359,120.1,595.989,1.51,1656.248,0,0,0,7199.745
"IMP_H50",5.353,0.008,5.68,0.155,1.112,0.085,3.754,0.475,13.183,8.437,1.98,6.518,67.892,78.148,2.241,17.324,16.889,49.607,8.397,36.759,361.514,46.282,52.923,8.687,5.65,5.313,44.624,39.56,2.273,65.133,18.13,29.81,245.822,7.312,46.134,0.796,8.038,3.798,1.946,1.97,0.779,0.738,8.521,12.04,13.963,7.242,11.921,1.165,9.628,0,200.263,0.059,7.292,361.912,0.92,369.433,0,0,0,2325.585
"IMP_H51",3.984,0.006,0.563,0.058,0.186,0.039,0.395,0.231,12.397,4.77,1.751,4.804,2.05,34.739,1.517,7.03,5.001,5.894,1.434,7.331,111.514,13.467,31.327,4.278,1.517,1.854,12.971,0.844,0.904,25.825,35.613,4.467,3.127,11.771,3.736,126.649,8.927,3.209,1.316,1.613,1.745,1.056,9.182,7.801,17.676,14.688,9.239,1.422,20.56,0,272.223,0.05,9.12,86.566,0.2,1100.367,0,0,0,2051.009
"IMP_H52",8.239,0.108,8.836,0.359,0.571,0.184,1.603,0.997,82.771,44.133,12.092,25.131,93.584,182.171,9.468,66.846,73.599,151.535,19.893,131.404,616.913,89.041,143.5,45.424,10.9,20.229,135.983,90.771,3.793,113.659,826.829,80.075,161.632,369.805,169.176,10.064,52.997,10.011,23.168,4.935,2.423,1.95,11.284,5.974,57.679,5.51,21.879,1.645,3.43,0,675.57,0.775,14.357,216.822,0.54,94.055,0,0,0,5006.325
"IMP_H53",0.169,0.001,0.076,0.007,0.005,0.004,0.035,0.028,0.853,0.395,0.131,0.36,0.314,0.976,0.137,0.409,0.432,0.923,0.214,0.733,6.05,0.604,1.244,0.269,0.073,0.118,0.682,0.63,0.249,1.949,10.557,0.419,0.193,0.549,0.99,2.228,13.924,0.42,0.969,0.512,2.324,0.957,1.797,0.735,4.313,0.757,0.914,0.296,0.975,0,21.797,0.006,0.251,3.066,0,37.235,0,0,0,124.256
"IMP_I",1.299,0.001,0.093,0.005,0.014,0.003,0.033,0.018,3.051,0.333,0.128,0.312,0.906,2.341,0.182,0.432,0.304,0.868,0.331,0.427,6.924,0.428,0.735,0.273,0.079,0.097,0.73,0.479,0.12,1.139,1.912,0.424,0.098,0.76,0.142,0.024,1.929,1.347,0.556,0.267,0.307,0.403,1.253,0.304,1.276,0.187,0.875,0.607,0.894,0,25.75,0.581,5.941,5.443,0,2091.09,0,0,0,2164.455
"IMP_J58T60",1.856,0.023,0.303,0.021,0.106,0.015,0.14,0.089,9.153,3.487,1.212,2.645,2.636,14.762,1.891,3.785,2.81,2.995,1.967,3.796,151.852,6.711,11.828,3.638,1.373,3.453,8.514,1.7,1.864,16.271,77.693,5.42,0.579,5.309,2.547,0.534,9.048,592.353,123.829,51.57,10.698,15.622,360.212,51.702,45.229,91.78,15.025,55.231,146.693,0,812.225,4.692,109.525,700.208,0.17,124.738,0,0,0,3673.527
"IMP_J61",0.496,0.017,0.309,0.01,0.081,0.007,0.057,0.055,3.843,2.661,0.408,4.746,0.457,5.696,0.59,2.94,2.896,1.791,0.784,4.645,56.184,4.56,11.15,1.723,0.658,1.008,4.9,0.376,1.645,20.114,70.33,4.586,0.439,3.695,2.613,0.833,15.75,7.847,121.776,52.025,19.539,11.06,26.597,10.652,34.76,10.831,20.138,4.023,27.264,0,471.082,0.071,1.044,29.035,0.04,470.061,0,0,0,1550.898
"IMP_J62_63",1.756,0.063,0.313,0.078,0.265,0.054,0.5,0.343,46.726,14.881,3.259,16.567,4.312,50.288,7.249,27.349,12.679,15.55,3.276,11.122,508.759,40.518,31.207,20.424,5.333,7.632,46.619,2.151,10.269,69.971,838.032,12.095,1.217,50.48,11.052,6.044,138.28,67.063,65.951,972.785,235.85,231.311,225.544,78.393,244.358,52.953,76.763,20.967,42,0,237.591,0.47,7.926,2691.746,0.19,33.598,0,0,0,7302.177
"IMP_K",13.814,0.048,3.268,0.281,1.103,0.169,1.607,1.378,56.651,35.707,6.257,32.408,3.933,79.027,12.273,39.849,32.094,64.087,28.1,68.653,659.055,56.043,79.411,35.501,7.531,13.676,36.098,7.039,16.506,117.426,469.116,28.698,4.721,25.154,16.283,5.074,68.437,12.644,24.487,30.567,1203.873,533.332,68.321,49.727,191.617,22.844,41.53,14.454,21.77,0,1627.48,1.945,35.352,27.96,0,448.244,0,0,0,6482.624
"IMP_L",0.113,0.003,0.089,0.009,0.061,0.007,0.057,0.044,0.874,0.437,0.123,0.438,12.795,1.327,0.142,0.442,0.807,0.597,0.237,0.831,14.089,0.934,0.924,0.748,0.101,0.183,0.86,5.995,0.218,3.87,12.548,0.945,0.552,2.003,0.83,0.117,4.032,0.581,0.935,0.92,1.429,2.574,2.402,0.783,3.242,0.4,1.245,0.638,0.612,0,3.445,0.109,0.43,18.344,0,1947.469,0,0,0,2053.94
"IMP_M",17.246,0.285,0.515,0.811,2.341,0.854,5.231,5.914,85.487,28.076,7.837,40.788,12.541,91.684,24.533,46.083,37.487,41.548,26.364,44.662,1282.386,90.841,90.223,52.814,23.113,27.398,76.332,10.076,26.402,1035.849,827.967,26.152,1.263,11.431,17.296,9.803,50.172,85.173,53.585,80.665,190.84,564.359,454.415,90.195,622.452,22.614,69.616,24.783,98.694,0,165.809,8.733,77.815,1285.8,0.38,207.695,0,0,0,8283.427
"IMP_N",2.454,0.788,19.948,0.12,13.087,0.085,0.913,0.899,75.68,46.855,4.806,32.609,6.061,105.555,15.963,28.651,165.621,37.806,27.788,70.699,2858.068,94.531,57.882,124.213,4.203,19.425,56.621,2.84,38.995,307.783,871.694,162.872,78.163,378.011,91.245,10.979,148.679,28.897,214.226,63.711,89.237,89.733,226.491,104.473,634.527,75.858,111.545,16.311,13.668,0,164.147,1.157,18.827,54.021,0.1,366.908,0,0,0,8236.431
"IMP_O",1.535,0.002,0.11,0.013,0.025,0.009,0.079,0.064,4.8,0.716,0.243,0.575,1.042,3.937,0.298,1.119,1.025,1.734,0.329,1.586,13.955,1.715,8.261,0.733,0.488,0.447,3.547,0.7,0.312,6.042,9.154,0.681,1.092,2.44,1.231,0.207,1.965,1.064,0.551,3.107,2.169,1.703,2.119,0.675,2.807,0.504,1.576,0.393,0.781,0,24.218,0.256,3.416,56.222,0.1,68.515,0,0,0,242.391
"IMP_P",0.312,0.001,0.038,0.005,0.009,0.003,0.032,0.02,0.962,0.444,0.091,0.689,0.344,3.232,0.144,0.678,0.315,0.484,0.172,0.414,6.035,0.505,0.712,0.297,0.084,0.105,1.012,0.256,0.139,1.359,4.721,0.255,0.252,0.528,0.266,0.213,1.022,1.01,0.373,4.048,1.258,1.121,1.725,0.578,3.029,0.562,1.179,0.2,0.498,0,8.542,0.088,1.963,55.847,0,1380.823,0,0,0,1488.994
"IMP_Q",0.177,0,0.034,0.002,0.007,0.002,0.015,0.01,0.465,0.239,0.038,0.135,0.23,1.476,0.32,0.319,0.204,0.375,0.134,0.385,7.398,0.651,1.367,0.215,0.114,0.107,1.062,0.124,0.081,1.198,1.499,0.177,0.129,0.434,0.159,0.019,0.379,0.122,0.141,0.499,0.201,0.252,0.467,0.173,0.755,0.179,1.982,0.075,0.133,0,6.306,0.008,2.073,12.154,0.01,410.138,0,0,0,455.346
"IMP_R",0.41,0.005,0.054,0.002,0.02,0.002,0.014,0.01,1.79,0.682,0.106,0.553,0.13,1.853,0.293,0.566,0.467,0.543,0.304,0.907,9.353,0.779,1.384,0.54,0.165,0.28,2.692,0.088,0.165,2.515,20.105,0.445,0.126,0.674,0.336,0.044,1.329,24.923,0.631,1.146,1.441,6.174,20.734,1.408,24.019,1.138,1.591,21.712,32.146,0,747.838,32.961,285.097,56.399,0,878.858,0,0,0,2187.948
"IMP_S",0.469,0.001,0.056,0.004,0.009,0.003,0.024,0.014,1.347,0.875,0.113,0.285,0.431,2.57,0.214,0.521,0.387,1.101,0.25,0.628,8.946,0.621,1.151,0.309,0.147,0.197,1.064,0.47,0.113,1.424,2.73,0.395,0.292,1.074,0.34,0.03,0.862,0.404,0.225,0.725,0.25,0.295,0.666,0.222,0.84,0.23,1.16,0.138,0.22,0,11.855,0.039,1.391,8.73,0.01,480.991,0,0,0,537.86
"IMP_T",0,0,0,0,0,0,0,0,0,0,0,0,0,0,0,0,0,0,0,0,0,0,0,0,0,0,0,0,0,0,0,0,0,0,0,0,0,0,0,0,0,0,0,0,0,0,0,0,0,0,0,0,0,0,0,0,0,0,0,0
"IMP_OTHER",0.691,0.028,2.911,0.577,0.777,0.397,3.944,2.263,-5.399,50.234,2.494,15.23,394.874,186.085,10.81,35.418,16.696,53.366,26.481,36.852,566.825,60.805,72.822,73.145,12.99,17.3,56.109,181.994,5.412,95.877,77.125,22.28,4.392,27.318,5.511,2.004,20.411,5.573,8.53,9.178,7.117,8.304,21.834,10.424,26.235,8.496,62.73,4.404,7.4,0,537.188,0.347,58.887,574.71,1.47,1246.254,0,0,0,4736.129
"TXS_INT_FNL",-33.711,0.359,17.993,2.056,1.413,1.403,13.652,8.506,-268.875,72.732,5.986,65.638,17.132,105.022,17.397,99.341,58.807,-45.981,40.271,-57.792,817.88,96.486,58.115,46.493,37.328,70.366,144.924,6.586,36.064,336.856,600.396,90.061,7.47,16.996,33.967,24.239,329.503,70.406,49.575,47.994,82.991,244.461,197.613,77.14,269.09,101.128,356.487,63.492,143.643,0,9953.556,47.48,639.998,7853.992,12.395,0,495.156,941.671,0,24523.348
"TTL_INT_FNL",9759.209,25.188,1540.231,139.208,172.18,90.896,938.323,511.423,26650.571,13936.477,1440.736,9263.801,38103.408,72686.56,2766.538,14761.82,10668.943,45127.995,12361.924,28841.004,181037.811,21469.463,30093.034,12371.283,13451.563,11612.803,20178.193,22901.259,5417.332,54451.609,45878.166,7451.548,6788.904,6892.497,3553.415,1561.353,19730.21,5183.995,5370.831,6942.576,21216.978,19771.449,13364.901,5847.788,19815.64,5707.151,14065.162,2986.038,9445.666,0,322818.511,5579.024,105949.692,213652.245,359.615,16582.488,11062.907,490220.376,0,2050569.909
